%YAML:1.0
# General sensor definitions.
camera_id: left_cam

# Sensor extrinsics wrt. the body-frame
T_BS:
  cols: 4
  rows: 4
  data:  [ 0.999958, -0.002874, -0.008740, -0.031943, 
           0.002813,  0.999972, -0.006977,  0.009288, 
           0.008760,  0.006952,  0.999937,  0.026324, 
           0.000000,  0.000000,  0.000000,  1.000000 ]

# Camera specific definitions
rate_hz: 30
resolution: [640, 480]  # [width, height]
camera_model: pinhole
intrinsics: [389.96490426865773, 389.2168790608396, 321.37671021599266, 237.9700394936505]  # [fu, fv, cu, cv]
distortion_model: radtan
distortion_coefficients: [-0.007464439673137539, -0.003239692692021013, -0.0027135375803431913, -0.0013127396299211385]  # model dependent