%YAML:1.0
# General sensor definitions.
camera_id: right_cam

# Sensor extrinsics wrt. the body-frame
T_BS:
  cols: 4
  rows: 4
  data:  [ 0.999978, -0.003327, -0.005714,  0.063069, 
           0.003283,  0.999966, -0.007566,  0.009642, 
           0.005739,  0.007547,  0.999955,  0.026876, 
           0.000000,  0.000000,  0.000000,  1.000000 ]

# Camera specific definitions
rate_hz: 30
resolution: [640, 480]  # [width, height]
camera_model: pinhole
intrinsics: [389.6872556636675, 389.1806491537163, 322.64071851096037, 237.79788394086225]  # [fu, fv, cu, cv]
distortion_model: radtan
distortion_coefficients: [-0.007165804851485035, -0.0027169873179884456, -0.002832920072061058, -0.0015160926166674147]  # model dependent